0
0
0
0
0
0
0
0
0
0
0
0
0
0
0
0
0
10
12
11
0
0
0
0
0
0
0
0
0
0
0
0
0
0
0
0
0
15
3
14
0
0
0
0
0
0
0
0
0
0
0
0
0
0
0
0
0
15
3
14
0
0
0
0
0
0
0
0
0
0
0
0
0
0
0
0
0
0
3
0
0
0
0
0
0
0
0
0
0
0
0
4
2
2
2
2
2
2
6
0
0
0
0
10
12
12
12
12
12
12
11
3
0
0
0
0
0
0
0
0
0
0
0
15
1
18
19
1
1
1
14
3
0
0
0
0
0
0
0
0
0
0
0
15
1
17
16
1
1
17
14
3
0
0
0
0
0
0
0
0
0
0
0
15
1
1
1
16
1
1
14
3
0
0
0
0
0
0
0
0
0
0
0
8
13
13
13
13
13
13
9
3
0
0
0
0
0
0
0
0
0
0
0
0
0
0
0
0
0
0
0
3
0
0
0
0
0
0
0
0
0
0
0
0
0
0
0
0
0
0
0
3
0
0
0
1
1
0
0
0
0
0
0
0
0
0
0
0
0
0
0
3
0
0
1
1
1
1
0
0
0
0
0
0
0
0
0
0
0
0
0
3
0
0
1
1
1
1
0
0
0
0
4
2
2
2
2
2
2
2
2
6
0
0
1
1
1
1
0
0
0
0
3
0
0
0
0
0
0
0
0
0
0
0
1
1
1
1
0
0
0
0
3
0
0
1
1
1
1
0
0
0
0
0
1
1
1
1
0
0
0
0
3
0
0
1
1
1
1
0
0
0
0
0
0
1
1
0
0
0
0
0
3
0
0
1
1
1
0
0
0
0
0
0
0
0
0
0
0
0
2
2
6
0
0
0
0
0
0
0
0
0
0
0
0
0
0
0
0
0
0
19
18
1
